[    -0.00178874          0.002              0              0              0              0              0              0              0              0              0              0              0              0              0              0              0              0              0              0              0              0              0              0  ]
[              0       -1.61404        1.61404              0              0              0              0              0              0              0              0              0              0              0              0              0              0              0              0              0              0              0              0              0  ]
[              0       0.494853      -0.989706       0.494853              0              0              0              0              0              0              0              0              0              0              0              0              0              0              0              0              0              0              0              0  ]
[              0              0         1.5129       -4.69887       0.159299              0              0              0              0              0              0              0              0              0              0              0              0              0              0              0              0              0              0              0  ]
[              0              0              0        3.43821      -0.275872       0.103962              0              0              0              0              0              0              0              0              0              0              0              0              0              0              0              0              0              0  ]
[              0              0              0              0      0.0426403     -0.0621238      0.0194835              0              0              0              0              0              0              0              0              0              0              0              0              0              0              0              0              0  ]
[              0              0              0              0              0     0.00933942     -0.0147723     0.00543289              0              0              0              0              0              0              0              0              0              0              0              0              0              0              0              0  ]
[              0              0              0              0              0              0      0.0035208    -0.00642204     0.00290124              0              0              0              0              0              0              0              0              0              0              0              0              0              0              0  ]
[              0              0              0              0              0              0              0     0.00290124    -0.00642204      0.0035208              0              0              0              0              0              0              0              0              0              0              0              0              0              0  ]
[              0              0              0              0              0              0              0              0     0.00543289     -0.0147723     0.00933942              0              0              0              0              0              0              0              0              0              0              0              0              0  ]
[              0              0              0              0              0              0              0              0              0      0.0194835     -0.0621238      0.0426403              0              0              0              0              0              0              0              0              0              0              0              0  ]
[              0              0              0              0              0              0              0              0              0              0       0.103962      -0.272708       0.168747              0              0              0              0              0              0              0              0              0              0              0  ]
[              0              0              0              0              0              0              0              0              0              0              0       0.150916      -0.251067       0.100151              0              0              0              0              0              0              0              0              0              0  ]
[              0              0              0              0              0              0              0              0              0              0              0              0      0.0540028     -0.0839377      0.0299349              0              0              0              0              0              0              0              0              0  ]
[              0              0              0              0              0              0              0              0              0              0              0              0              0       0.016848     -0.0267896     0.00994156              0              0              0              0              0              0              0              0  ]
[              0              0              0              0              0              0              0              0              0              0              0              0              0              0     0.00603059    -0.00996726     0.00393668              0              0              0              0              0              0              0  ]
[              0              0              0              0              0              0              0              0              0              0              0              0              0              0              0     0.00269423    -0.00472875     0.00203452              0              0              0              0              0              0  ]
[              0              0              0              0              0              0              0              0              0              0              0              0              0              0              0              0      0.0016533    -0.00315172     0.00149841              0              0              0              0              0  ]
[              0              0              0              0              0              0              0              0              0              0              0              0              0              0              0              0              0     0.00149841    -0.00315172      0.0016533              0              0              0              0  ]
[              0              0              0              0              0              0              0              0              0              0              0              0              0              0              0              0              0              0     0.00203452    -0.00472875     0.00269423              0              0              0  ]
[              0              0              0              0              0              0              0              0              0              0              0              0              0              0              0              0              0              0              0     0.00393668    -0.00996726     0.00603059              0              0  ]
[              0              0              0              0              0              0              0              0              0              0              0              0              0              0              0              0              0              0              0              0     0.00994156     -0.0267896       0.016848              0  ]
[              0              0              0              0              0              0              0              0              0              0              0              0              0              0              0              0              0              0              0              0              0      0.0299349     -0.0839377      0.0540028  ]
[              0              0              0              0              0              0              0              0              0              0              0              0              0              0              0              0              0              0              0              0              0              0       0.100151      -0.100151  ]
